DTc 36 3 12 12 12 2 c 0 0 1 400000 200000 2 100 0 0 0 100 0 c 0 200 0 400000 0 0 100 400000 80000 0 0 100000 
DTc 36 3 4 4 28 2 c 0 0 0 0 0 0 0 0 0 1 0 800 c 4020 0 2010000 0 4020 40000000 1000002 0 1008 1 1000002 0 
DTc 36 3 4 4 28 2 c 0 0 0 0 0 0 0 0 1 0 200000 0 c 8000010 400000 88040 402000 8000010 1000002 0 402000 0 0 0 0 
DTc 36 3 4 4 28 2 c 0 0 0 0 0 0 1 0 0 0 1 0 c 8040 4022 4020000 0 8040 0 1 0 0 4020 0 2010000 
DTc 38 3 10 6 22 2 c 0 0 0 0 0 0 0 0 1 0 0 4020 c 0 0 80000 402000 0 0 40010 402000 20008000 0 40010 0 
DTc 38 3 10 6 22 2 c 0 0 0 0 0 0 0 1 0 0 4020 0 c 20000800 0 400100 0 20000800 0 0 0 0 8040 2 4020000 
DTc 38 3 10 6 22 2 c 0 0 0 0 0 0 1 0 0 4020 0 0 c 10000400 4020 200080 0 10000400 0 1 0 0 0 0 2010000 
DTc 44 3 20 12 12 2 c 0 0 0 0 0 0 1 80000000 0 4020 2010 0 c 0 4020 0 0 0 0 1 0 0 4020 1 0 
DTc 44 3 20 12 12 2 c 0 0 1 0 0 4020 0 80 0 0 201000 0 c 0 402000 0 0 0 0 0 0 80000 0 100 1000002 
DTc 44 3 20 12 12 2 c 0 0 1 0 0 4020 100 0 0 402000 0 0 c 0 0 0 0 0 0 100 0 80000 402000 0 1000002 
DTc 46 3 10 6 30 2 c 0 0 0 0 0 0 0 0 0 0 1 2010000 c 8040 2 4020000 0 8040 1008 20008000 0 4000100 0 20008000 0 
DTc 46 3 10 6 30 2 c 0 0 0 0 0 0 0 0 0 201 8000000 0 c 800422 10000000 211004 0 800422 0 0 0 0 201 0 0 
DTc 46 3 10 6 30 2 c 0 0 0 0 0 0 0 0 1 4000008 0 0 c 80020000 0 10080400 402000 80020000 1000002 0 402000 0 4000008 0 0 
DTc 46 3 10 6 30 2 c 0 0 0 0 0 0 1 0 0 0 0 2010000 c 0 4020 0 0 0 1008 20008001 0 4000100 4020 20008000 2010000 
DTc 46 3 10 6 30 2 c 0 0 0 0 0 1 0 0 0 0 4000008 0 c 442001 8000010 21000802 0 442001 0 0 0 0 0 0 80000 
DTc 46 3 10 6 30 2 c 0 0 0 0 201 0 0 0 0 8000000 0 0 c 201 0 100800 0 201 0 1000040 402 20008 8000000 1000040 0 
DTc 46 3 16 10 20 2 c 0 0 0 0 0 0 0 0 0 11 8402010 0 c 4002 10804020 2001000 0 4002 0 0 0 0 1 0 0 
DTc 46 3 16 14 16 2 c 0 0 1 400000 200000 2 100 0 0 20000000 100 100 c 0 200 0 400000 0 0 100 400000 80000 20000000 0 100100 
DTc 46 3 16 14 16 2 c 0 0 1 400000 200000 2 100 0 100 0 20000100 0 c 0 40000200 0 400000 0 0 100 400000 80000 0 0 100200 
DTc 46 3 16 14 16 2 c 0 0 1 600000 200000 3 100 0 0 0 100 0 c 0 200 0 400000 0 0 100 400000 80000 100 0 180000 
DTc 46 3 16 14 16 2 c 0 0 3 400000 600000 2 100 0 0 0 100 0 c 0 200 0 400000 0 0 100 400000 180000 0 200 100000 
DTc 46 3 16 14 16 2 c 0 1 0 1000000 0 1000000 4000 1002000 2000000 1 0 0 c 0 0 1000 0 2 0 2004000 0 0 1 2004000 800 
DTc 46 3 16 14 16 2 c 0 1 0 2000000 0 1000000 4000 2002000 2000000 1 0 0 c 0 0 1000 2000000 2 0 4000 2000000 0 1 4000 800 
DTc 46 3 20 12 14 2 c 0 0 0 0 0 1 44000080 40010080 0 0 80 0 c 0 10 0 0 0 0 4000000 0 0 110 80020100 8000 
DTc 46 3 22 6 18 2 c 0 0 0 0 0 1 0 0 0 80020000 0 0 c 80000010 0 8400 0 80000010 0 0 0 0 80020000 0 80000 
DTc 46 3 4 4 38 2 c 0 0 0 0 0 0 0 0 0 1 0 800 c 2014020 0 a010010 0 2014020 40000000 1000002 0 1008 801 1000002 0 
DTc 46 3 4 4 38 2 c 0 0 0 0 0 0 0 0 0 1 0 800 c 4020 0 2010000 0 4020 40080000 1402002 0 100100a 1 1402002 0 
DTc 46 3 4 4 38 2 c 0 0 0 0 0 0 0 0 1 0 200000 0 c 8000010 400000 88040 402000 8000010 1000102 804 402000 402000 0 804 0 
DTc 46 3 4 4 38 2 c 0 0 0 0 0 0 0 0 1 0 200000 0 c 8000010 408040 88040 402000 8000010 1000002 0 402000 0 8040 2 4020000 
DTc 46 3 4 4 38 2 c 0 0 0 0 0 0 1 0 0 0 1 0 c 8040 c062 4020000 0 8040 0 1 0 0 c060 2 6030000 
DTc 46 3 4 4 38 2 c 0 0 0 0 0 0 1 0 0 0 1 0 c c060 4022 6030000 0 c060 0 1 0 0 4021 0 2010000 
DTc 46 3 8 8 30 2 c 0 0 0 0 0 0 0 0 201 0 40200000 0 c 8002000 80400000 11080040 80002000 8002000 1000400 0 80002000 0 0 0 0 
DTc 46 3 8 8 30 2 c 0 0 0 0 0 0 1 0 0 2 1 1000 c 0 4022 0 0 0 80000000 2000005 0 2010 4022 2000004 2010000 
DTc 46 3 8 8 30 2 c 0 0 0 1 0 0 0 1 0 2000 0 1000000 c 8040000 8040 20000040 1 8040000 800 0 0 0 a040 2 4020000 
DTc 48 3 12 12 24 2 c 0 0 1 0 200000 40000 0 80 0 4000000 0 20 c 0 0 0 0 0 1000000 40010 400000 20088000 4000000 40110 20 
DTc 48 3 12 12 24 2 c 0 0 1 0 200000 40000 0 80 0 8 0 4000 c 80020000 0 10000400 0 80020000 2 0 400000 80000 8 100 20 
DTc 48 3 12 12 24 2 c 0 0 1 0 200000 8000000 0 10000 0 8 0 4000 c 0 80002000 0 0 0 2 0 400000 80000 80002008 20000 1004400 
DTc 48 3 12 12 24 2 c 0 0 1 400000 200000 2 100 0 0 0 100 0 c 402000 200 1000002 400000 402000 0 100 400000 80000 100 0 100000 
DTc 48 3 14 8 26 2 c 0 0 0 0 0 0 0 0 0 21 40201 0 c 80442 80402 40221000 0 80442 0 0 0 0 20 0 0 
DTc 48 3 14 8 26 2 c 0 0 0 0 0 0 1 40201 0 0 20 0 c 100800 2 80400000 0 100800 0 0 0 0 42 80402 21000 
DTc 48 3 18 16 14 2 c 0 0 0 801 0 800 1000 800 0 1002000 1000 1000008 c 0 2000 0 801 0 400800 1000 0 0 2000 1000 0 
DTc 48 3 20 6 22 2 c 0 0 0 0 0 0 1 0 1 4020 0 4020 c 0 0 80000 402000 0 0 40010 402000 20008000 0 40010 0 
DTc 48 3 20 6 22 2 c 0 0 0 0 0 0 1 0 1 4020 0 4020 c 10000400 4020 200080 0 10000400 0 1 0 0 0 0 2010000 
DTc 48 3 20 6 22 2 c 0 0 0 0 0 0 1 1 0 4020 4020 0 c 10000400 4020 200080 0 10000400 0 1 0 0 0 0 2010000 
DTc 48 3 20 6 22 2 c 0 0 0 0 0 0 1 1 0 4020 4020 0 c 20000800 0 400100 0 20000800 0 0 0 0 8040 2 4020000 
DTc 48 3 24 10 14 2 c 0 1 1 8 0 0 100 0 0 1 80000000 0 c 0 1 0 8 0 0 20000 0 10000000 1 20100 0 
DTc 48 3 24 16 8 2 c 3 3 0 3 3 0 3 3 0 3 3 0 c 2 2 0 2 2 0 2 2 0 2 2 0 
DTc 48 3 28 10 10 2 c 0 0 1 0 200000 0 0 80 80 0 10000000 10004000 c 0 20000000 0 0 0 2 0 400000 80000 0 100 100 
DTc 48 3 4 4 40 2 c 0 0 0 0 0 0 0 0 0 1 0 800 c 4024020 1000 12010020 0 4024020 40000000 1000002 0 1008 1 1000002 0 
DTc 48 3 6 8 34 2 c 0 0 0 0 0 0 3 0 0 0 3 0 c 10080 4026 8040000 0 10080 0 3 0 0 4022 2 2010000 
DTc 48 3 6 8 34 2 c 0 0 0 1 0 800 0 0 0 100 0 80000 c 0 0 0 1 0 40 4221 0 2110800 80100 4221 40080000 
DTc 48 3 6 8 34 2 c 0 0 1 0 200000 0 0 0 80 0 10000000 0 c 0 20000000 4000000 20100000 0 80000100 8000010 20500000 88040 0 8000110 100 
DTc 48 3 8 16 24 2 c 0 0 0 10001 0 8000800 0 0 0 1000100 0 80008 c 0 0 0 8010801 0 8400840 0 0 0 1080108 0 40084008 
DTc 48 3 8 8 32 2 c 0 0 0 0 0 0 0 0 0 201 0 100800 c 800020 0 10004 0 800020 40000080 1000400 0 200008 201 1000400 0 
DTc 48 3 8 8 32 2 c 0 0 0 0 0 0 0 0 1 400000 200000 2 c 0 400000 80000 402000 0 1100002 804000 402000 2000004 400000 804000 0 
DTc 48 3 8 8 32 2 c 0 0 0 0 0 0 201 0 0 0 201 0 c 1000040 800422 20008 0 1000040 0 201 0 0 800020 0 10004 
DTc 48 3 8 8 32 2 c 0 0 0 0 0 1 0 200000 0 100 0 80000 c 0 8000010 0 0 0 40 201 0 100800 8000110 400201 88040 
DTc 48 3 8 8 32 2 c 0 0 0 0 0 1 0 200000 40000 0 80 0 c 0 8000110 20 80000100 0 80400 0 80000100 0 8000010 400000 88040 
DTc 48 3 8 8 32 2 c 0 0 0 0 0 1 400000 200000 0 0 400000 0 c 10402020 800000 1010082 0 10402020 0 400000 0 0 0 400000 80000 
DTc 48 3 8 8 32 2 c 0 0 0 0 0 1 80 200000 0 0 80 0 c 0 8201110 0 0 0 0 80 0 0 8201010 400000 888041 
DTc 48 3 8 8 32 2 c 0 0 0 1 0 0 2 1 0 0 2 0 c 10080 4 8040000 1 10080 0 4022 0 2010000 0 4022 0 
DTc 48 3 8 8 32 2 c 0 0 0 1 0 800 0 0 0 2000 0 1000000 c 9040002 0 20001048 1 9040002 800 0 0 0 2000 0 40000000 
DTc 48 3 8 8 32 2 c 0 0 0 1 0 800 0 0 20000000 0 40000 0 c 0 80000 10000 80401 0 40200000 4020 80400 2010000 0 4020 40000000 
DTc 48 3 8 8 32 2 c 0 0 0 1 0 800 40000 0 0 0 40000 0 c 0 880001 0 1 0 0 44020 0 2010000 800001 4020 40000804 
DTc 48 3 8 8 32 2 c 0 0 1 0 200000 0 100 0 0 0 100 0 c 804000 200 2000004 0 804000 0 8000110 400000 88040 0 8000010 0 
DTc 50 3 10 12 28 2 c 0 0 1 80 200000 0 0 80 2000000 0 4000 0 c 0 8000 1000 80 2 2 201000 400000 880001 0 201100 4000000 
DTc 50 3 10 6 34 2 c 0 0 0 0 0 0 0 0 1 0 0 4020 c 10080000 0 40080080 402000 10080000 0 40010 402000 20008000 4000 40010 0 
DTc 50 3 10 6 34 2 c 0 0 0 0 0 0 0 0 1 0 0 4020 c 80400 0 40280000 402000 80400 0 40010 402000 20008000 20 40010 0 
DTc 50 3 10 6 34 2 c 0 0 0 0 0 0 0 0 1 4000000 0 4000 c 80000100 0 400 402000 80000100 1000000 8000010 402000 8040 4000000 8000010 0 
DTc 50 3 10 6 34 2 c 0 0 0 0 0 0 0 0 1 8 0 20 c 20100 0 10000000 402000 20100 2 8040000 402000 20000040 8 8040000 0 
DTc 50 3 12 12 26 2 c 0 0 1 400000 200000 2 100 0 0 0 100 0 c 0 200 0 400000 0 0 10000120 c00000 90080 0 10000020 100000 
DTc 50 3 12 12 26 2 c 0 0 1 400000 200000 2 100 0 0 0 100 0 c 0 200 0 400000 0 0 10180 400004 80c0000 0 10080 100000 
DTc 50 3 12 12 26 2 c 0 0 1 400000 200000 2 100 0 0 0 100 0 c 0 200 0 400000 0 8000000 40200100 400000 80201 0 40200000 100000 
DTc 50 3 12 12 26 2 c 0 0 1 400000 200000 2 100 0 0 0 100 0 c 0 200 0 400002 0 0 8140 400000 40a0000 0 8040 100000 
DTc 50 3 12 12 26 2 c 0 0 1 400000 200000 2 100 0 0 0 100 0 c 0 200 0 408040 2 4020000 100 408040 80000 0 0 100000 
DTc 50 3 12 12 26 2 c 0 0 1 400000 200000 2 100 0 0 0 100 0 c 0 200 0 600000 0 0 4000108 400000 84020 0 4000008 100000 
DTc 50 3 12 12 26 2 c 0 0 1 400000 200000 2 100 0 0 0 100 0 c 0 200 8000000 40600000 0 201 100 40600000 80000 0 0 100000 
DTc 50 3 12 12 26 2 c 0 0 1 400000 200000 2 100 0 0 0 100 0 c 0 804200 0 400000 0 0 100 400000 80000 804000 200 2100004 
DTc 50 3 12 12 26 2 c 0 0 1 400000 200000 2 100 0 0 0 100 0 c 1 200 0 404020 0 2010000 100 404020 80000 0 0 100000 
DTc 50 3 12 12 26 2 c 0 0 1 400000 200000 2 100 0 0 0 100 0 c 1008 200 804000 400000 1008 0 100 400000 80000 0 0 100200 
DTc 50 3 12 12 26 2 c 0 0 1 400000 200000 2 100 0 0 0 100 0 c 804 200 402000 400000 804 0 100 400000 80000 0 0 100100 
DTc 50 3 14 10 26 2 c 0 0 0 1 0 0 0 1 2 0 0 8040 c 0 0 100000 804001 0 0 84002 804000 42000000 0 84002 0 
DTc 50 3 14 10 26 2 c 0 1 0 4000000 0 0 100 0 0 1 80000000 0 c 0 1 0 4008040 2 4020000 80000000 8040 400 1 80000100 0 
DTc 50 3 14 16 20 2 c 0 1 20000 80 40 40000 2000000 0 0 0 2000000 800 c 0 4000000 1000 80 2 40000000 2000000 80080 10 0 0 20 
DTc 50 3 16 10 24 2 c 0 0 0 0 0 1 200000 2210000 0 0 80 0 c 0 4400008 0 0 0 0 200000 0 0 4400108 4020000 4022 
DTc 50 3 16 10 24 2 c 0 0 0 0 0 1 200000 2210000 0 0 80 0 c 0 8400010 0 0 0 0 0 0 0 8400110 4420000 8042 
DTc 50 3 16 10 24 2 c 0 0 1 80 80 0 0 80 0 0 0 8000010 c 0 0 0 0 0 804000 4402100 100 1000022 0 4402000 0 
DTc 50 3 16 14 20 2 c 0 0 1 400000 200000 2 100 0 0 20000000 100 100 c 0 40000200 0 400000 0 0 100 400000 80000 20000000 0 100300 
DTc 50 3 16 14 20 2 c 0 0 1 400000 200000 2 100 0 100 0 20000100 0 c 0 40000200 0 400000 0 0 100 400000 80000 20000000 0 100300 
DTc 50 3 16 14 20 2 c 0 0 1 600000 200000 3 100 0 0 0 100 0 c 0 200 0 400002 0 0 100 400002 80000 100 0 180000 
DTc 50 3 16 14 20 2 c 0 0 3 400000 600000 2 100 0 0 0 100 0 c 2 200 0 400000 2 0 100 400000 180000 0 200 100000 
DTc 50 3 16 14 20 2 c 0 1 0 1000000 0 1000000 4000 1002000 2000000 1 0 0 c 1 0 1800 0 2 0 2004000 0 0 1 2004000 800 
DTc 50 3 16 14 20 2 c 0 1 0 2000000 0 1000000 4000 2002000 2000000 1 0 0 c 0 2 1000 2000000 2 0 4000 2000000 0 1 4000 1800 
DTc 50 3 18 14 18 2 c 0 0 1 0 1000 40000 0 80 0 4000000 0 40020 c 0 0 0 0 0 1000020 80000100 2000 400 4000000 80000000 20 
DTc 50 3 18 14 18 2 c 0 0 1 0 200000 40000 0 80 1 4000000 0 4000 c 0 0 80000 402000 0 1000000 0 2000 80000 4000000 100 20 
DTc 50 3 18 14 18 2 c 0 0 1 0 200000 40000 200000 80 0 4000000 0 4000 c 0 4000008 0 0 0 2 200000 400000 80000 8 100 4000 
DTc 50 3 18 14 18 2 c 0 0 1 0 200004 8000000 0 80 0 8 0 4000 c 0 0 0 0 0 2 20100 400008 10000000 8 20000 4000 
DTc 50 3 18 14 18 2 c 0 0 1 180 80 80000 0 80 0 0 0 8000010 c 0 0 0 100 0 804000 4000100 100 20 8000000 4000000 40 
DTc 50 3 18 14 18 2 c 0 0 2001 0 200000 8000000 0 80 0 8 0 4000 c 0 4000008 0 0 0 2 0 400000 80001 4000000 100 20 
DTc 50 3 18 14 18 2 c 0 1 0 80000 0 40000000 0 1 2000000 0 20 800 c 0 8000 1000 80000 2 40000000 0 0 0 8040 2 4000000 
DTc 50 3 20 14 16 2 c 0 0 1 400000 200000 2 100 0 100 20000000 20000100 100 c 0 200 0 400000 0 0 100 400000 80000 20000000 0 100100 
DTc 50 3 20 14 16 2 c 0 0 1 400000 200000 2 100 0 100 20000000 20000100 100 c 0 40000200 0 400000 0 0 100 400000 80000 0 0 100200 
DTc 50 3 20 14 16 2 c 0 1 0 1000000 0 1000000 6000 1002000 3000000 1 0 0 c 0 0 1000 0 2 0 2004000 0 0 1 2004000 800 
DTc 50 3 20 14 16 2 c 0 1 0 1000000 0 1000000 6000 1002000 3000000 1 0 0 c 1 0 1800 0 2 0 4000 0 0 1 4000 800 
DTc 50 3 20 14 16 2 c 0 1 0 2000000 0 3000000 4000 2006000 2000000 1 0 0 c 0 0 1000 2000000 2 0 4000 2000000 0 1 4000 800 
DTc 50 3 20 14 16 2 c 0 1 0 2000000 0 3000000 4000 2006000 2000000 1 0 0 c 0 2 1000 0 2 0 4000 0 0 1 4000 1800 
DTc 50 3 20 16 14 2 c 0 0 1 100 200000 0 0 100 40200 0 0 4001 c 0 0 10000020 400000 0 0 300 100 80000 0 200 0 
DTc 50 3 20 8 22 2 c 0 0 0 0 0 1 4000000 0 0 20100 0 0 c 80400000 80000100 402 0 80400000 0 4000000 0 0 80020000 0 400 
DTc 50 3 22 16 12 2 c 0 0 0 0 0 1 4620000 200000 0 400100 600000 0 c 0 100 0 0 0 0 4420000 0 0 0 400000 2 
DTc 50 3 4 4 42 2 c 0 0 0 0 0 0 0 0 0 1 0 800 c c060 2 6030000 0 c060 40000000 1000002 0 1008 1 1000002 0 
DTc 50 3 4 4 42 2 c 0 0 0 0 0 0 0 0 1 0 200000 0 c 8000010 404020 88040 402000 8000010 1000002 1 402000 0 4020 0 2010000 
DTc 50 3 4 4 42 2 c 0 0 0 0 0 0 0 0 1 0 200000 0 c c000018 400000 8c060 402000 c000018 1000002 0 402000 0 200000 0 0 
DTc 50 3 4 4 42 2 c 0 0 0 0 0 0 1 0 0 0 1 0 c 8040 4022 4020000 0 8040 80000 402001 0 1000002 4020 402000 2010000 
DTc 50 3 4 4 42 2 c 0 0 0 0 0 0 1 0 0 0 1 0 c 8040 4022 40a0000 402000 8040 1000002 1 402000 0 4020 0 2010000 
DTc 50 3 8 6 36 2 c 0 0 0 0 0 0 0 0 1 400 200000 200000 c 1008000 0 4080008 402000 1008000 1000102 804 402000 402000 400 804 0 
DTc 50 3 8 6 36 2 c 0 0 0 0 0 0 1 0 0 200000 1 1 c 4008048 4022 4024020 0 4008048 0 1 0 0 204020 0 2010000 
DTc 50 3 8 6 36 2 c 0 0 0 0 0 0 801 0 800 0 800 0 c 4020000 2015020 10000020 0 4020000 0 801 0 0 2014020 0 a010010 
DTc 50 3 8 6 36 2 c 0 0 0 0 0 1 200000 200000 0 0 200000 0 c 8402010 8400010 1008042 0 8402010 0 0 0 0 8000010 400000 88040 
DTc 50 3 8 8 34 2 c 0 0 0 1 0 0 1000000 1 0 0 1000000 0 c 40000080 22008000 40200 1 40000080 800 1000000 0 0 20008000 2 4000100 
DTc 50 3 8 8 34 2 c 0 0 0 1 0 0 2 1 0 0 2 0 c 10080 4 8040000 1 10080 100000 800022 0 10004 0 800022 0 
