LTc 36 3 12 12 12 2 c 0 0 1 400000 200000 2 100 0 0 0 100 0 c 0 100000 0 400000 0 0 100 80 2000 0 0 4000 
LTc 36 3 4 4 28 2 c 0 0 0 0 0 0 0 0 0 1 80000000 0 c 0 0 80400 4020000 2010000 0 8040000 44020000 0 1 0 40200 
LTc 36 3 4 4 28 2 c 0 0 0 0 0 1 0 0 0 0 80 0 c 10080 8040 0 2000004 1000002 0 0 40 80000100 0 0 4022000 
LTc 36 3 4 4 28 2 c 0 0 0 0 0 1 0 0 0 100 0 0 c 10080 8040 8040000 0 0 0 4000008 2000004 80000100 100 0 2000 
LTc 38 3 10 6 22 2 c 0 0 0 0 0 0 0 0 201 0 0 4000 c 0 0 0 2000080 1000040 8000000 40200000 20100000 0 0 0 80020000 
LTc 38 3 10 6 22 2 c 0 0 0 0 0 0 0 201 0 0 4000 0 c 40010 20008 0 201 0 0 0 2000 10000400 0 0 1000002 
LTc 38 3 10 6 22 2 c 0 0 0 0 0 0 201 0 0 4000 0 0 c 0 0 1000002 40010 20008 0 0 80000100 0 4000 0 10000400 
LTc 44 3 10 6 28 2 c 0 0 0 0 0 0 0 201 0 8000 0 0 c 40010 20008 2000004 0 80000100 0 402 201 10000400 8000 0 0 
LTc 44 3 12 10 22 2 c 0 0 0 0 0 0 21 0 0 10080020 0 0 c 0 0 21000000 8040000 4020000 0 0 80000000 0 10080020 0 80400 
LTc 44 3 20 12 12 2 c 0 0 0 0 0 0 201 0 100800 4000 0 2000000 c 0 0 1000002 0 0 40 201 0 0 4000 0 0 
LTc 44 3 20 12 12 2 c 0 0 0 0 0 201 0 40200000 4000 0 8 0 c 0 0 8000000 0 20100000 0 0 4 0 0 0 402000 
LTc 44 3 20 12 12 2 c 0 0 0 201 0 0 4000 201 0 0 4000 0 c 0 0 0 201 80000100 0 4000 2000 0 0 0 0 
LTc 46 3 10 6 30 2 c 0 0 0 0 0 0 0 0 1 0 2000004 0 c 0 0 2000 20010880 10008440 0 0 1000002 0 0 0 80200108 
LTc 46 3 10 6 30 2 c 0 0 0 0 0 0 0 0 1 4000008 0 0 c 0 0 402010 10080 8040 0 40001000 20000800 0 4000008 0 80000100 
LTc 46 3 10 6 30 2 c 0 0 0 0 0 0 0 1 0 0 0 100800 c 8040000 4020000 10000400 0 80000000 1000002 40010 20008 80400 0 0 0 
LTc 46 3 10 6 30 2 c 0 0 0 0 0 0 1 0 0 0 0 80400 c 0 0 8000200 8040000 4020000 800001 20009 10004 0 0 0 80400 
LTc 46 3 10 6 30 2 c 0 0 0 0 0 0 201 0 0 0 2000 0 c 0 0 0 80040110 40020088 0 201 1000 0 0 0 10800401 
LTc 46 3 14 12 20 2 c 0 0 1 0 200000 0 0 200000 0 0 1008 4000 c 0 100000 0 80 40 8000000 0 804 2000 8 0 80002000 
LTc 46 3 16 12 18 2 c 0 0 0 1 0 1 804001 0 0 100 0 80000 c 0 0 0 8000000 4000000 1 804001 0 0 100 0 1080000 
LTc 46 3 16 14 16 2 c 0 0 1 400000 200000 200002 100 0 0 20000000 100 0 c 0 100000 0 400000 0 200000 100 80 2000 20000000 0 4000 
LTc 46 3 16 14 16 2 c 0 0 1 400000 200000 3 100 0 0 100 100 0 c 0 100000 0 600000 0 0 100 80 2000 0 0 6000 
LTc 46 3 16 14 16 2 c 0 0 1 400000 200000 400002 100 0 0 0 20000100 0 c 0 100000 200000 400000 0 0 100 10000080 2000 0 0 4000 
LTc 46 3 16 14 16 2 c 0 0 1 400002 200001 2 100 0 0 0 100 0 c 1 80100000 0 400000 0 0 100 80 2000 0 0 4000 
LTc 46 3 16 14 16 2 c 0 0 3 400000 200000 2 100 100 0 0 100 0 c 0 300000 0 400000 0 0 100 80 6000 0 0 4000 
LTc 46 3 16 14 16 2 c 0 1 0 2000000 1000000 1000000 4000 2000 2000000 1 0 0 c 0 0 40 2000000 1001000 0 4000 0 0 1 80000000 20 
LTc 46 3 22 6 18 2 c 0 0 0 0 0 0 0 0 0 4001 0 4 c 0 0 1080000 0 0 8000 8000001 84000000 0 4001 0 0 
LTc 46 3 4 4 38 2 c 0 0 0 0 0 0 0 0 0 1 80000000 0 c 0 0 80400 c060000 6030000 0 8040000 c4020000 0 1 0 c0600 
LTc 46 3 4 4 38 2 c 0 0 0 0 0 0 0 0 0 1 80000000 0 c 0 0 c0600 4020000 2010000 0 c060000 46030000 0 80000001 0 40200 
LTc 46 3 4 4 38 2 c 0 0 0 0 0 1 0 0 0 0 80 0 c 10080 80008040 0 2000004 1000002 80400 0 40 80000100 8040000 4020000 4022000 
LTc 46 3 4 4 38 2 c 0 0 0 0 0 1 0 0 0 0 80 0 c 10080 8040 8040 2000004 1000002 100000 804000 402040 80000100 0 0 4022000 
LTc 46 3 4 4 38 2 c 0 0 0 0 0 1 0 0 0 100 0 0 c 10080 8040 8050080 0 0 200000 5008008 2804004 80000100 100 0 2000 
LTc 46 3 4 4 38 2 c 0 0 0 0 0 1 0 0 0 100 0 0 c 8050080 4028040 8040000 1 0 0 4000008 2000004 80080500 100 0 2000 
LTc 46 3 6 8 32 2 c 0 0 0 0 0 0 1 80000000 0 1 80000000 0 c 4020000 2010000 80400 0 40000000 0 88040001 c4020000 40200 1 0 0 
LTc 46 3 6 8 32 2 c 0 0 0 0 0 801 0 0 0 80100 0 0 c 10080 8040 20000040 1 0 1 4020 2010 80000100 80100 0 1002000 
LTc 46 3 8 8 30 2 c 0 0 0 0 0 0 0 0 0 201 80000100 0 c 0 0 10000400 20008 10004 0 40010 40020088 0 201 0 8000200 
LTc 46 3 8 8 30 2 c 0 0 0 0 0 0 1 80000000 0 2 1 0 c 4020000 2010000 100800 0 40000000 0 10080001 88040000 40200 2 0 0 
LTc 48 3 12 12 24 2 c 0 0 1 0 1000 40000 0 80 0 4000000 0 20 c 0 800 0 0 40 440100 0 0 2000 44010000 20008000 80000000 
LTc 48 3 12 12 24 2 c 0 0 1 0 200000 40000 0 80 0 4000000 0 4000 c 0 100000 400010 0 40 8000000 40001000 20000800 2000 4000000 0 80000000 
LTc 48 3 12 12 24 2 c 0 0 1 0 200000 8000000 0 80 0 8 0 4000 c 2000800 1100400 0 0 40 8000000 0 0 22008 8 0 100 
LTc 48 3 12 12 24 2 c 0 0 1 400000 200000 2 100 0 0 0 100 0 c 10080 108040 0 600000 0 0 100 80 80002100 0 0 4000 
LTc 48 3 14 12 22 2 c 0 0 0 0 0 0 11 0 0 804201 0 0 c 0 0 11000000 80400000 40200000 0 0 8 0 804201 0 804000 
LTc 48 3 14 12 22 2 c 0 0 1 0 200000 0 0 200000 0 0 1008 4000 c 0 100000 0 10000 8000 8000000 200000 804 2000 8 0 2100 
LTc 48 3 14 16 18 2 c 0 0 0 801 0 0 1000 800 0 2000 1000 1000008 c 0 0 0 801 400 10020 1000 800 0 1002000 0 1000000 
LTc 48 3 20 6 22 2 c 0 0 0 0 0 0 201 0 201 4000 0 4000 c 0 0 0 2000080 1000040 8000000 40200000 20100000 0 0 0 80020000 
LTc 48 3 20 6 22 2 c 0 0 0 0 0 0 201 0 201 4000 0 4000 c 0 0 1000002 40010 20008 0 0 80000100 0 4000 0 10000400 
LTc 48 3 20 6 22 2 c 0 0 0 0 0 0 201 201 0 4000 4000 0 c 0 0 1000002 40010 20008 0 0 80000100 0 4000 0 10000400 
LTc 48 3 20 6 22 2 c 0 0 0 0 0 0 201 201 0 4000 4000 0 c 40010 20008 0 201 0 0 0 2000 10000400 0 0 1000002 
LTc 48 3 24 10 14 2 c 0 0 0 1 0 0 400 1 200000 1000000 0 1000000 c 0 0 800 1 80000000 0 80000 40200 0 1000000 0 0 
LTc 48 3 24 16 8 2 c 0 0 0 210021 0 210021 0 0 0 21002100 0 21002100 c 0 0 0 200020 0 200020 0 0 0 20002000 0 20002000 
LTc 48 3 28 10 10 2 c 0 0 1 0 240000 40000 0 80 0 0 800 800 c 0 100000 0 0 40 1000000 0 0 2000 0 80000000 80000000 
LTc 48 3 6 8 34 2 c 0 0 1 0 0 200000 0 80 0 0 10000000 0 c 12000024 9100012 100000 0 40 0 0 8000000 24122000 0 0 4 
LTc 48 3 8 16 24 2 c 1 80000000 0 1 80000000 0 1 80000000 0 1 80000000 0 c 80000001 c0000000 0 80000001 c0000000 0 80000001 c0000000 0 80000001 c0000000 0 
LTc 48 3 8 8 32 2 c 0 0 0 0 0 1 400000 200000 0 0 80 0 c 0 0 0 2020104 1110082 0 400000 40 0 0 0 4022201 
LTc 48 3 8 8 32 2 c 0 0 0 0 0 1 400000 200000 0 100 0 0 c 0 0 8040000 20100 110080 0 4400008 2000004 0 100 0 2201 
LTc 48 3 8 8 32 2 c 0 0 0 0 0 1 80 40 0 0 80 0 c 1010082 808041 0 0 20 0 80 40 82010100 0 0 2000 
LTc 48 3 8 8 32 2 c 0 0 0 0 0 201 0 0 0 0 10080 0 c 2000080 1000040 0 2000800 1000400 0 0 8040 80020000 0 0 422008 
LTc 48 3 8 8 32 2 c 0 0 0 0 0 201 0 0 0 20100 0 0 c 2000080 1000040 40010 0 0 0 4001000 2000800 80020000 20100 0 402000 
LTc 48 3 8 8 32 2 c 0 0 0 0 1 0 0 0 0 4000 2000 2000000 c 0 80000000 0 80000100 40000080 80440 0 1000 0 8044000 4020000 800001 
LTc 48 3 8 8 32 2 c 0 0 0 0 1 40 0 0 0 4000 0 2000000 c 402000 80201000 0 0 0 80440 0 0 4020 8044000 4020000 80000 
LTc 48 3 8 8 32 2 c 0 0 0 1 0 0 0 0 0 2000 1000 1000000 c 8040000 4020000 0 40000081 20000040 20 0 800 80400 2000 0 80400000 
LTc 48 3 8 8 32 2 c 0 0 0 1 0 0 2 1 0 0 0 1000000 c 0 0 800001 10080001 88040000 20 80000102 40000080 0 0 0 100800 
LTc 48 3 8 8 32 2 c 0 0 0 1 0 20 0 0 0 2000 0 1000000 c 8241000 4120800 0 1 0 20 0 0 82410 2000 0 40000 
LTc 48 3 8 8 32 2 c 0 0 1 0 0 2 100 0 0 0 100 0 c 20100 10080 0 0 0 80000100 100 80 2201 10080 8040 4000 
LTc 48 3 8 8 32 2 c 0 0 1 0 0 40000 0 80 0 0 2000000 0 c 0 0 0 100800 80440 80000100 0 1000000 2000 10080 8040 80001008 
LTc 48 3 8 8 32 2 c 0 0 1 0 0 40000 0 80 0 4000000 0 0 c 0 0 2010 0 40 80000100 201000 100800 2000 4010080 8040 80000000 
LTc 50 3 10 6 34 2 c 0 0 0 0 0 0 0 0 201 0 0 4000 c 0 0 0 a000090 5000048 8000000 40200200 20100000 0 0 0 900a0000 
LTc 50 3 10 6 34 2 c 0 0 0 0 0 0 0 0 201 0 0 4000 c 0 0 0 a040080 5020040 8000000 40200001 20100000 0 0 0 800a0400 
LTc 50 3 10 6 34 2 c 0 0 0 0 0 1 0 0 20 80000000 0 0 c 10080 8040 200 201000 100800 0 4020000 2010000 80000100 80000000 0 10 
LTc 50 3 10 6 34 2 c 0 0 0 0 0 1 0 0 4000 20000 0 0 c 10080 8040 10 40200000 20100000 0 1008 804 80000100 20000 0 400000 
LTc 50 3 12 10 28 2 c 0 0 0 0 0 0 1 4000000 0 804001 0 0 c 201000 100800 1080000 0 2000000 0 8000000 4000000 2010 804001 0 0 
LTc 50 3 12 10 28 2 c 0 0 0 1 0 0 804001 0 0 0 0 80000 c 0 0 8040000 8000000 4000000 1 4804009 2000004 0 0 0 1080000 
LTc 50 3 12 12 26 2 c 0 0 1 400000 200000 2 100 0 0 0 100 0 c 0 100000 10080 400000 0 200000 1008100 804080 2000 0 0 4000 
LTc 50 3 12 12 26 2 c 0 0 1 400000 200000 2 100 0 0 0 100 0 c 0 100000 200000 1408000 804000 0 100 80 2000 0 0 14080 
LTc 50 3 12 12 26 2 c 0 0 1 400000 200000 2 100 0 0 0 100 0 c 0 100000 80400 400000 0 0 8040100 4020080 2000 0 80000000 4000 
LTc 50 3 12 12 26 2 c 0 0 1 400000 200000 2 100 0 0 0 100 0 c 0 100000 8040000 400000 0 0 4000108 2000084 2000 100 0 4000 
LTc 50 3 12 12 26 2 c 0 0 1 400000 200000 2 100 0 0 0 100 0 c 0 100001 0 400000 0 100800 100 80 2000 10080000 8040000 4000 
LTc 50 3 12 12 26 2 c 0 0 1 400000 200000 2 100 0 0 0 100 0 c 0 300000 0 400000 0 201 100 80 2000 20100 10080 4000 
LTc 50 3 12 12 26 2 c 0 0 1 400000 200000 2 100 0 0 0 100 0 c 1 100000 0 400000 0 80400 100 80 2000 8040000 4020000 4000 
LTc 50 3 12 12 26 2 c 0 0 1 400000 200000 2 100 0 0 0 100 0 c 10000020 8100010 0 400000 0 0 100 80 20102000 0 0 4004 
LTc 50 3 12 12 26 2 c 0 0 1 400000 200000 2 100 0 0 0 100 0 c 10080000 8140000 0 400002 0 0 100 80 102800 0 0 4000 
LTc 50 3 12 12 26 2 c 0 0 1 400000 200000 2 100 0 0 0 100 0 c 20000040 10100020 0 400000 0 0 100 80 40202000 0 0 4008 
LTc 50 3 12 12 26 2 c 0 0 1 400000 200000 2 100 0 0 0 100 0 c 4000008 2100004 0 400000 80 0 100 80 8042000 0 0 4000 
LTc 50 3 14 12 24 2 c 0 0 1 0 200000 20 0 200000 0 0 8 4000 c 201000 800 0 40000000 20000000 8000000 0 4 10 8 0 442000 
LTc 50 3 14 12 24 2 c 0 1 1 0 40000 40000 0 80 2000000 0 2000000 800 c 0 0 40 201 80000140 1000000 2000000 1000000 0 0 80000000 81000002 
LTc 50 3 16 10 24 2 c 0 0 1 200000 0 0 0 200000 0 2010 0 2000 c 0 100000 4001 200000 100000 0 400100 200080 2000 2010 0 0 
LTc 50 3 16 12 22 2 c 0 0 0 0 0 1 200080 0 0 1008 80 0 c 0 0 80002000 210000 8000 0 0 100804 0 1008 0 100 
LTc 50 3 16 12 22 2 c 0 0 0 1 0 800 804001 0 0 80000 0 80000 c 0 0 20000040 8000000 84000000 0 800021 2010 0 80000 0 80000 
LTc 50 3 16 14 20 2 c 0 0 0 0 0 0 2001 0 0 840201 2000 0 c 0 0 22 0 0 0 201 80000100 0 840201 0 0 
LTc 50 3 16 14 20 2 c 0 0 0 21 0 800 10080020 0 0 80000 0 0 c 0 0 20000040 0 80000000 0 10084000 2010 0 80000 0 20000000 
LTc 50 3 16 14 20 2 c 0 0 1 400000 200000 200002 100 0 0 20000000 100 0 c 0 100000 200000 400000 0 200000 100 10000080 2000 20000000 0 4000 
LTc 50 3 16 14 20 2 c 0 0 1 400000 200000 3 100 0 0 100 100 0 c 1 80100000 0 600000 0 0 100 80 2000 0 0 6000 
LTc 50 3 16 14 20 2 c 0 0 1 400000 200000 400002 100 0 0 0 20000100 0 c 0 100000 200000 400000 0 200000 100 10000080 2000 20000000 0 4000 
LTc 50 3 16 14 20 2 c 0 0 1 400002 200001 2 100 0 0 0 100 0 c 1 80100000 0 600000 0 0 100 80 2000 0 0 6000 
LTc 50 3 16 14 20 2 c 0 0 3 400000 200000 2 100 100 0 0 100 0 c 2 300001 0 400000 0 0 100 80 6000 0 0 4000 
LTc 50 3 16 14 20 2 c 0 1 0 2000000 1000000 1000000 4000 2000 2000000 1 0 0 c 0 0 40 2000000 1003000 0 4000 0 0 1 80000000 60 
LTc 50 3 18 14 18 2 c 0 0 0 1 0 801 804001 0 0 80100 0 80000 c 0 0 0 8000000 84000000 1 804001 0 0 100 0 80000 
LTc 50 3 18 14 18 2 c 0 0 1 0 200000 40000 0 4000080 0 4000000 0 20 c 201000 800 0 0 2000040 40000 0 0 10 4000000 0 80000000 
LTc 50 3 18 14 18 2 c 0 0 1 0 200000 40000 0 80 1 8 0 4000 c 0 100000 2000 10080 8000 8000000 0 0 2000 8 0 100 
LTc 50 3 18 14 18 2 c 0 0 1 0 200000 8000000 0 10000 0 8 200000 4000 c 0 100000 0 10080 40 8000000 0 100000 2000 8 0 80000000 
LTc 50 3 18 14 18 2 c 0 0 1 0 200000 8004000 0 10000 0 8 0 4000 c 40200000 20000000 0 0 8000 8000000 0 0 400000 8 0 8000100 
LTc 50 3 18 14 18 2 c 0 0 2001 0 4 80000000 0 100000 0 80 0 40000 c 0 2 0 0 80000 100 0 0 4002000 10000 8040 1000 
LTc 50 3 18 14 18 2 c 0 1 0 10000000 0 80 2 0 2000000 0 4000 800 c 0 0 40 80000 8040000 1000000 2 2000 0 0 80000000 800 
LTc 50 3 20 14 16 2 c 0 0 1 400000 200000 600002 100 0 0 20000000 20000100 0 c 0 100000 0 400000 0 200000 100 80 2000 20000000 0 4000 
LTc 50 3 20 14 16 2 c 0 0 1 400000 200000 600002 100 0 0 20000000 20000100 0 c 0 100000 200000 400000 0 0 100 10000080 2000 0 0 4000 
LTc 50 3 20 14 16 2 c 0 0 1 400002 200001 3 100 0 0 100 100 0 c 0 100000 0 600000 0 0 100 80 2000 0 0 6000 
LTc 50 3 20 14 16 2 c 0 0 1 400002 200001 3 100 0 0 100 100 0 c 1 80100000 0 400000 0 0 100 80 2000 0 0 4000 
LTc 50 3 20 14 16 2 c 0 1 0 2000000 1000000 3000000 4000 2000 2000000 1 1 0 c 0 0 40 0 3000 0 4000 0 0 1 80000000 60 
LTc 50 3 20 14 16 2 c 0 1 0 2000000 1000000 3000000 4000 2000 2000000 1 1 0 c 0 0 40 2000000 1001000 0 4000 0 0 1 80000000 20 
LTc 50 3 20 16 14 2 c 0 0 0 21 20 800 10080020 0 0 80000 0 40000000 c 0 0 0 0 80000000 800 10080020 0 0 80000 0 20000000 
LTc 50 3 20 16 14 2 c 0 1 20000 80 40040 40000 2000000 0 2000000 0 2000000 800 c 0 20 0 80 0 1000000 2000000 1000000 40000000 0 80000000 80000000 
LTc 50 3 20 8 22 2 c 0 0 0 0 0 0 1 400000 800 4000 0 0 c 20100 10080 2 0 200000 0 200 80000100 201 4000 0 0 
LTc 50 3 24 10 16 2 c 0 0 0 0 0 0 1 0 0 804201 0 804000 c 0 0 11000000 0 0 0 10 8 0 804201 0 0 
LTc 50 3 4 4 42 2 c 0 0 0 0 0 0 0 0 0 1 80000000 0 c 0 0 40080480 4020000 2010000 1000 8048040 44024020 0 1 0 40200 
LTc 50 3 4 4 42 2 c 0 0 0 0 0 0 0 0 0 1 80000000 0 c 0 0 80080500 4020000 2010000 2000 8050080 44028040 0 1 0 40200 
LTc 50 3 4 4 42 2 c 0 0 0 0 0 1 0 0 0 0 80 0 c 10080 8040 4020000 2000004 1000002 0 2000004 1000042 80000100 80 0 4022000 
LTc 50 3 4 4 42 2 c 0 0 0 0 0 1 0 0 0 0 80 0 c 8050080 4028040 0 2000005 1000002 0 0 40 80080500 0 0 4022000 
LTc 50 3 4 4 42 2 c 0 0 0 0 0 1 0 0 0 100 0 0 c 10080 80008040 8040000 0 0 80400 4000008 2000004 80000100 8040100 4020000 2000 
LTc 50 3 4 4 42 2 c 0 0 0 0 0 1 0 0 0 100 0 0 c 10080 8040 8040000 4000008 2000004 0 4000008 2000084 80000100 100 0 8042000 
LTc 50 3 8 6 36 2 c 0 0 0 0 1 0 0 0 0 4000000 2000000 2000000 c 0 80000000 2010 100800 80400 80400 201000 1100800 0 c040000 4020000 1008 
LTc 50 3 8 8 34 2 c 0 0 0 1 0 0 1000000 800000 0 0 0 1000000 c 8000200 4000100 800001 1 400000 20 81000100 40800080 80002 0 0 0 
LTc 50 3 8 8 34 2 c 0 0 0 1 0 0 2 1 0 0 0 1000000 c 0 0 800001 10000401 88000200 20 80000102 40800080 0 0 0 100004 
